0 36 7.227436733848483
0 99 5.530532051868386
0 16 4.047351830565834
0 53 4.698878555070833
0 47 6.0033768257403715
0 10 3.946918040849728
0 88 4.945250527406446
0 40 7.354680814148775
0 3 4.243820609388065
0 49 6.295553979482243
0 25 3.9894394093458962
0 82 6.853219374322675
0 92 8.028414738364223
0 78 9.983217856473395
0 73 5.032139377512982
0 71 8.194159248431005
0 15 5.610950264220999
0 20 6.387822071828508
0 46 2.5827106283498957
0 1 1.991512653570915
0 26 9.986685898195958
0 39 7.778398297986414
0 81 8.117489626327647
0 44 4.392807032964452
0 55 6.38404213712337
0 33 4.4195340153012
0 60 5.092681021948104
0 4 2.4807308290126873
0 11 0.50523419580496
0 91 7.013003190990899
0 14 8.146818438609333
0 24 8.46170674645683
0 58 2.310037513957134
0 54 6.525784404066565
0 45 3.617559910071031
0 30 3.8422152054192615
0 87 6.114710023192789
0 43 6.505356735763673
0 85 2.68310806816892
0 75 4.886325947138086
0 41 5.49986557385202
0 32 9.638671404105335
0 94 4.9578103629664
0 83 3.626067704399177
0 56 6.531498051407377
0 22 0.10665081357981165
0 9 5.219661450075643
0 70 9.987235560471069
0 48 5.192721898231064
0 57 7.752839136678991
0 67 4.12447143926539
0 12 4.700409729427811
0 63 3.913242458550773
0 34 4.961153395121127
1 60 0.40279396099528686
1 14 6.013687627296714
1 75 1.233538753273089
1 78 1.974900184805587
1 84 8.443310322450904
1 89 0.7305969431909176
1 82 8.615497684234597
1 19 4.597662558141678
1 72 5.446984280675106
1 26 7.131341572312204
1 59 0.9027862225385364
1 30 9.405061931990224
1 92 3.0631206864837743
1 12 4.331795575367165
1 42 0.2511636445750709
1 10 2.791933291311246
1 34 4.789845598921287
1 38 2.193966123635791
1 97 6.562479544441237
1 68 8.624363255138011
1 57 0.8240803064201652
1 70 7.43325826568391
1 80 9.038419858221499
1 99 2.0518640835006687
1 25 5.636694571047174
1 13 0.8383995430923696
1 3 6.808466041334574
1 15 7.451667882774808
1 69 2.1246566833068856
1 39 0.5291288082847356
1 66 3.48209588803446
1 74 4.549488663088278
1 43 6.2733637522947285
1 61 4.566312479764598
1 45 2.6991071024609816
1 5 8.315705358080454
1 55 4.285962500616062
1 54 0.8254168572219001
1 93 5.033265067943416
1 23 6.98204127001407
1 96 1.422379320911259
1 62 4.525378340837358
1 7 7.050733566077014
1 87 0.21968569871605226
1 27 4.393249997014399
1 65 5.320643602244633
1 53 6.529528031918997
1 9 4.9941632767786395
1 37 1.0228195543091723
1 17 1.7635799505286842
1 22 6.850191794752688
1 91 4.803044406580776
1 44 7.570299415408439
1 33 8.405003047221648
1 64 3.541865509785387
1 63 5.674534850135209
1 29 5.581868071936912
1 58 7.866829271587873
1 52 5.1574489493762075
1 4 8.950700150107995
1 28 4.305264492572293
1 2 4.747481368733783
2 12 9.793775181916454
2 54 0.33107798802908706
2 20 8.607642972177182
2 86 6.056800273139624
2 35 9.427924237671139
2 22 5.677136823970511
2 14 3.040047575143955
2 52 0.12654507040795182
2 46 6.164613522394555
2 15 7.986100694568502
2 19 5.090488446495555
2 69 7.582833803817373
2 31 1.5325380512260522
2 79 5.1614999710082285
2 85 4.681538936003017
2 6 3.8463150585785124
2 80 7.915451552098326
2 59 2.5651944534332562
2 51 0.16355674005976373
2 45 7.2837531219567
2 70 4.2555148877355
2 29 6.449721003701664
2 74 6.925304820245998
2 72 0.36114274160512605
2 10 3.431165348640538
2 26 0.6109061433058693
2 7 4.942440784982706
2 57 0.5193480920345572
2 71 3.3092327705527813
2 91 8.291542350545939
2 40 9.39393550276485
2 92 0.30414829487122375
2 30 7.294111465205203
2 90 5.204058392981397
2 88 1.3796968657199948
2 4 3.516090865413757
2 49 2.3368579948005532
2 82 9.498103779261932
2 48 1.6665575751387118
2 39 0.5182148154748267
2 77 6.656490732865382
2 47 7.203951871622105
2 42 9.806247129192155
2 55 9.598046402770358
2 21 2.034321687469234
2 11 7.850934062361571
2 24 0.31978121381307734
2 33 8.153961051861996
2 9 2.6963753420889014
3 19 2.418542917923915
3 67 1.4734303986540898
3 38 8.082094865877202
3 92 1.6202826813190385
3 7 3.9095044373818055
3 86 9.331132950255324
3 78 6.262367249605644
3 54 3.2962644212342926
3 61 7.628050327363001
3 91 6.715137903382802
3 13 1.3664266608211617
3 83 1.2717384455081426
3 21 9.715060301841422
3 43 3.6745503555606893
3 62 9.561926184747735
3 16 3.5666943961330277
3 9 3.5451224421119285
3 39 6.232291953184954
3 11 8.530538492579481
3 88 4.965754128608802
3 31 2.2155529651272152
3 57 7.043385440819866
3 25 5.307497380743942
3 22 5.728860678266326
3 65 4.92861676635414
3 68 2.5304735341875553
3 10 2.3067896018848657
3 94 9.181697726259625
3 63 1.6674665487818208
3 90 6.766639382767973
3 30 5.257593275712659
3 98 8.525820808129552
3 48 2.635627712901285
3 95 0.5668834631798525
3 50 2.0171137382369553
3 23 7.0961672394659185
3 24 9.65574437097549
3 4 3.204941203853575
3 79 8.38256718907083
3 45 0.7856501422122442
3 73 4.605785002944888
3 97 9.66736977481178
3 20 2.4159129548393965
3 18 3.571590482778473
3 29 2.329201812031465
3 71 3.7743868986895412
3 81 6.022173771083631
3 93 1.2850977970525812
3 58 8.183262651245807
3 55 7.279105263670681
3 6 0.22590064716930036
3 17 8.915213529074233
4 51 4.9866654922077425
4 78 3.9912109819220998
4 28 4.508096918783069
4 42 1.1323221768074943
4 22 1.762099471504296
4 93 4.283681296286211
4 59 2.242704952343634
4 65 1.7556149011617128
4 48 9.560829746732379
4 62 5.256922526817396
4 47 1.3859786161786591
4 66 3.122902254894676
4 70 2.602850437187495
4 75 1.6667613414207905
4 40 6.438904933144485
4 76 0.025057590746697667
4 88 5.093243847915712
4 74 3.9490680333900077
4 9 1.2599479912458311
4 60 1.2042021665220404
4 32 5.056547827318876
4 80 1.0586412659533706
4 6 4.754418980698031
4 52 4.4568088865983215
4 96 0.8372314778379208
4 81 1.9783437077679056
4 43 7.198949553267928
4 35 6.843636193950928
4 64 8.924992641265217
4 17 0.836987101109018
4 77 8.841462892697002
4 26 1.3022694054439632
4 30 2.7928609388936385
4 14 7.105541538924161
4 91 6.51549440939314
4 21 1.171528339591038
4 82 2.8822877728463947
4 31 8.014468164561169
4 83 3.2641376244183196
4 33 7.618215915344852
4 38 2.20769502829687
4 61 0.3692071723075707
4 92 7.7101873801052125
4 55 5.062915511039845
4 11 0.09162292863232557
5 98 8.246428645042382
5 56 4.022876396024594
5 67 1.4559574885214055
5 76 4.492009961174732
5 96 7.457225684361629
5 99 5.8561177379797265
5 19 6.342599904944814
5 31 4.6275358462152525
5 18 0.4553448018115702
5 42 7.8173301897768175
5 43 8.68632140447574
5 10 3.646180463682105
5 17 6.153086341004946
5 26 8.582595772537044
5 25 9.983580877100536
5 53 9.875207650693442
5 63 4.325482854421921
5 59 9.08212506518638
5 84 4.240656648058004
5 15 4.054636461979183
5 21 2.306483358206135
5 48 9.907610103668942
5 94 0.9795595341902141
5 27 4.403194845005239
5 11 1.0421861311853575
5 85 7.841031547368573
5 28 8.18929703540922
5 52 7.64893760961599
5 91 2.3588766155915906
5 46 2.073373579730088
5 69 2.168597751005643
5 87 2.937763492777621
5 6 9.676632577860898
5 64 4.165785166980564
5 65 3.1222225612849916
5 93 4.159984857600316
5 23 3.3023926784501922
5 30 5.118297759061096
5 71 0.42571326280721244
5 90 5.085023380322521
5 86 9.066140322140958
5 89 7.374014139094602
5 37 0.22702153404439707
5 79 0.5428556519802563
5 35 7.594565647128887
6 93 9.984183715989179
6 21 2.262005469891614
6 84 4.31931651699808
6 38 3.6626468147601554
6 28 6.810566685679945
6 39 0.4123551819338722
6 66 4.114778729128751
6 74 4.715817169031574
6 79 4.758355323003914
6 41 9.036056382540764
6 69 6.605029169224551
6 86 4.650620298059453
6 35 2.0410511626980385
6 50 2.8324750648783636
6 98 0.3712710912530226
6 44 8.423607339621514
6 87 9.972286799731135
6 45 2.022003637278309
6 18 5.000982309821449
6 88 0.28379167494084423
6 20 6.419280553756195
6 92 1.0806389093870605
6 22 1.3054702602039447
6 13 3.7386863789162392
6 10 6.938671435366465
6 75 1.7148300052445198
6 57 5.273617990308824
6 91 9.097132054379085
6 36 8.953332941065156
6 33 6.117105248240189
6 53 4.844387688010794
6 78 5.140383907267037
6 70 2.5011285772437652
6 80 9.126891077879778
6 47 3.9977560482983012
6 97 5.883304538660438
6 83 3.997815481196211
6 56 5.589040279866597
6 25 5.787499454727908
6 27 9.151490539147165
6 14 1.1961427855831475
6 85 8.07415807605002
6 90 9.27964659947818
6 59 2.6504056176955917
6 19 8.615625178295867
6 12 0.10274127066934757
6 40 0.2761836243914628
7 46 5.101786376236971
7 77 4.726637073382749
7 11 9.200496596898216
7 56 6.3547014581026895
7 74 1.3559327915508368
7 39 9.714872434756035
7 68 7.818428699383984
7 85 7.010063805398005
7 23 3.671621825857432
7 34 6.088877312814529
7 59 6.684570330019373
7 98 6.342792645258752
7 79 4.822151329722697
7 33 4.574019019916207
7 20 2.1033710631986335
7 36 3.444480030031516
7 41 0.16451820138777995
7 73 1.2740418228923822
7 69 0.575472964870648
7 84 8.97126407889416
7 30 3.441566658721722
7 92 4.356236514530404
7 44 8.615339916128308
7 54 8.632678776192689
7 40 7.755450611745719
7 91 2.9543424167186574
7 45 2.4462476889455917
7 10 0.982181212774581
7 14 1.7585111054902303
7 18 0.5470032164852701
7 8 5.406564735874982
7 70 0.21431042805482803
7 15 8.700965984183755
7 87 5.799817123949502
7 35 7.482770827219997
7 65 9.402773651165836
7 25 9.454456860425465
7 83 2.509737266995151
8 14 1.9077611182993626
8 42 8.427037629026199
8 20 4.65994198654908
8 85 0.6541209004516912
8 81 3.430281326648478
8 28 0.40192628256412677
8 95 9.46135475771009
8 44 5.350303168311495
8 68 8.359435630250475
8 54 3.5676452571472064
8 27 0.1278015562984447
8 24 7.196527241015314
8 61 0.26668381828302445
8 30 1.776860638622958
8 75 1.7458819705544193
8 35 7.790051278382045
8 26 9.454488558429716
8 65 7.180720275474447
8 12 6.974385146391642
8 79 5.336321299846335
8 90 7.143195332055592
8 67 0.2653837263170533
8 69 1.5105609837397538
8 9 8.274348366157994
8 39 5.297550325060811
8 87 4.297513281925836
8 10 4.2495635296201595
8 18 5.134034691355174
8 47 4.62511514092907
8 57 2.96622126118522
8 48 9.479911313357679
8 98 6.334615169410444
8 55 6.612531434787678
8 51 9.419367216555935
8 36 6.669419956409731
8 66 9.819354004023644
8 70 9.069419118222052
8 82 4.040772029283778
8 60 6.244112033811751
8 76 9.111294464321295
8 88 1.5972293713451469
8 64 1.7857373739122828
8 78 5.908146364207316
8 94 0.06340912437264645
8 97 1.3035019755337263
8 43 7.299900851388572
9 55 1.8524022637005833
9 37 1.1579545859508156
9 69 0.8259575693076737
9 12 2.80007633982436
9 89 1.2718839494701983
9 39 5.992282279957395
9 40 4.498409111016386
9 66 3.4019038285406467
9 70 1.0535129696952017
9 29 2.5161791286161703
9 56 9.87774774805608
9 90 7.010734282168479
9 65 0.13024948313756557
9 45 8.112124622145288
9 25 9.352921156265833
9 21 7.631190756292971
9 94 1.1679329969633367
9 11 8.858734159532965
9 19 1.6386752469687627
9 33 1.769562752845436
9 98 2.8553621523814687
9 51 5.810473463140326
9 95 9.773893061028128
9 60 2.303394903679601
9 41 2.5847356322149704
9 73 2.6966709572748613
9 48 6.69239808869484
9 18 6.087778458054532
9 43 9.726771112747826
9 58 9.066260881861798
9 68 1.3878205309980418
9 61 9.499015424449063
9 17 6.477074497441613
9 47 2.8450090630644578
9 99 4.835420368696079
9 54 2.3434241479031748
9 28 5.936370162069124
9 13 1.9418573888197244
9 15 0.0878878128787619
9 14 1.3568773137358858
9 34 8.541859006538253
9 85 6.972471480907384
9 57 5.652049466105317
9 16 7.1129602747262135
9 78 9.796978126534185
9 50 8.537234364782444
9 88 0.7855603414427592
9 59 7.720907595894209
9 42 9.506111833204727
9 67 0.5331715796957581
9 38 4.479333587256168
9 49 4.1861479225041816
9 76 9.888379658238085
10 68 9.711079517711006
10 66 9.839949142882265
10 19 6.701104549481594
10 33 6.223568963603378
10 27 7.682107719724809
10 91 1.589413054728438
10 57 7.302842358488241
10 82 6.3582786963622775
10 39 4.461245785709361
10 93 9.839769617430223
10 25 4.837243167595451
10 54 0.14225491797663858
10 40 7.885224742136431
10 76 4.169136401202528
10 64 8.86433128557374
10 12 0.22011532270462264
10 16 4.548846653785309
10 29 3.1078449349260984
10 83 2.410356681960711
10 52 4.470548464938946
10 43 3.693115651816794
10 23 6.33923560236078
10 79 0.3637245535548683
10 89 7.918305867880663
10 72 5.629074873487947
10 61 8.21311335796883
10 84 6.654192526627137
10 32 8.887213373370372
10 49 5.341918202257624
10 67 0.355483781523509
10 50 1.4517463082086202
10 41 8.684887019058666
10 44 6.092371886390454
10 71 8.77686521376772
10 35 6.249043217424593
10 97 4.2315829229866
10 38 5.673481877042461
10 81 4.926186416136899
10 86 9.32337768694777
10 58 0.5062986144724191
10 24 7.686392334366321
10 15 9.137362004092637
10 70 4.787368198214221
11 71 1.4508790939357152
11 97 2.956202137836833
11 53 1.2647491807754196
11 69 9.088902897890097
11 92 8.560737383801762
11 19 8.741100237103664
11 52 8.734650463673116
11 36 5.421053541192871
11 44 1.343993287953612
11 14 3.9144834961665342
11 70 0.359315092122382
11 24 5.808253315886329
11 40 6.586281461261328
11 76 2.3187053631106314
11 74 4.233640178919655
11 55 3.09353539794777
11 39 3.0322473028597763
11 31 2.89443708190801
11 51 9.035532688133856
11 87 4.41959539034673
11 65 9.7108346863578
11 56 3.925618907298004
11 32 0.24677253140481192
11 73 1.9285274305965106
11 21 6.78537822534362
11 26 9.59704139321668
11 20 6.636369808007197
11 66 5.168686369418993
11 75 9.63016365637557
11 47 8.403487263717322
11 85 4.375711152411201
11 93 0.7505935354958815
11 35 7.146225299389659
11 50 7.75599181367148
11 67 5.29028217466491
11 33 0.7854217378521644
11 62 8.370708516236427
11 88 3.4900791421100674
11 54 9.08522421729689
11 48 1.1531758325821384
11 12 6.906119466751757
12 52 3.5774576905529507
12 76 7.5462369686094934
12 91 3.333605358309435
12 40 2.103037551309458
12 86 6.7234805479538196
12 68 0.015821649107679026
12 17 6.758233480313135
12 57 7.517039114069293
12 92 4.017583861493045
12 63 1.1143409709599628
12 74 8.752393777845136
12 28 6.137730770344076
12 96 0.7695618698464968
12 95 4.908442675300541
12 62 6.673312307064105
12 97 5.930050756901832
12 33 6.423106389004211
12 90 5.656854572570112
12 47 5.885820693974515
12 43 1.8474571208104718
12 14 9.77104864605019
12 82 3.8560572879937505
12 88 4.6771899456314525
12 20 9.580997430311132
12 24 8.728964100430428
12 81 6.122406726157454
12 69 7.197396842992702
12 46 8.83895173080581
12 60 3.9114428539376513
12 93 1.23306046764325
12 59 2.7254958474639612
12 89 0.304189113581399
12 18 1.1030226966196655
12 38 6.446536116286344
12 48 3.5411291818014745
12 37 0.545569280999787
12 13 9.00183265729012
12 67 3.1677640478119407
12 39 0.9789983569745264
12 35 9.677917747408028
12 41 7.097384480176543
12 27 7.896356726819352
12 78 7.790133351122504
12 45 8.552402264020758
12 83 0.016359797233422846
13 94 5.621100656546339
13 27 8.573355810131854
13 55 6.704773877689734
13 76 0.1584781239528832
13 54 4.31734206645165
13 21 1.581980859315164
13 95 0.691058725642596
13 61 7.795001058904839
13 34 3.6882139139824988
13 32 9.145988413422494
13 89 8.378574774194544
13 15 7.658273499550448
13 91 4.736395553034009
13 49 3.5651910080139193
13 51 7.528294717152029
13 60 3.0069820930106452
13 52 4.715442754511417
13 99 8.109686612891384
13 98 5.119182884991549
13 70 0.3632168759016974
13 79 8.875164775907997
13 69 5.344267572400928
13 80 1.0692003945153572
13 28 9.237121293307062
13 14 5.175733483082913
13 23 0.5148706413568527
13 90 6.893055544399384
13 72 4.447846074493582
13 47 5.019780333609357
13 77 4.035440621085038
13 17 2.1574154864217565
13 57 7.256535386267848
13 66 4.248461224933231
13 87 2.051151700006957
13 86 9.4025365478759
13 45 2.8589481641221925
13 38 0.26932300795031283
13 73 0.6357719993662148
13 75 3.457554803648889
13 67 8.798773116590592
13 20 9.781538054704214
13 58 2.7132147685035033
13 46 7.716595909938745
13 84 8.133222260593381
13 48 6.791770907750757
14 93 6.103122878740221
14 25 2.0847287947801862
14 34 7.261121902863246
14 88 6.964189511165491
14 58 1.0573683855220861
14 98 4.023624599141295
14 35 7.195611967379275
14 26 4.642752629865857
14 96 3.688589767514332
14 73 9.6470366851892
14 84 9.602456078466622
14 83 5.795913841705059
14 36 0.4466615021451348
14 57 9.402239414344617
14 62 4.416944196044592
14 19 9.42938953187118
14 63 6.665924310668
14 71 1.5103139040618385
14 91 2.6183825053032606
14 31 4.348427802096432
14 45 1.3576437078466275
14 56 5.965987978752718
14 15 7.778841951197042
14 74 2.1985419294098394
14 43 4.846247881597727
14 86 6.207142962161953
14 39 5.344968010682567
14 64 2.918307992247965
14 20 7.768929506955406
14 22 0.2828776970631597
14 66 7.291478857582298
14 55 0.8558846076936177
14 97 5.756190097806844
14 59 8.967303403651224
14 27 5.34627629847275
14 75 2.3048563244747777
15 26 4.370960190611419
15 46 3.3481242260247557
15 50 6.0385737987365875
15 68 0.501554701496425
15 75 2.2066978392111567
15 19 7.00667518511159
15 87 9.658176340956565
15 84 8.326264176923184
15 20 6.4899008722503115
15 45 4.538163172376208
15 96 1.5028780290924348
15 23 0.7442291201525175
15 78 4.46470301797685
15 69 1.4644599314020057
15 83 9.429383955257327
15 57 3.6659145940719826
15 33 1.8060231188642062
15 80 1.8567032134885098
15 91 2.4693347107657573
15 25 6.794194684758777
15 73 6.094848353911284
15 71 2.1349478617301907
15 21 0.8835323406886642
15 38 6.866778113834869
15 70 5.924920761442685
15 76 7.6270534847576075
15 58 8.065256508203538
15 94 5.266947590270313
15 51 5.737813749400668
15 34 5.409061871555791
15 90 4.587004444985836
15 65 3.4517399130390936
15 67 0.8509079059433478
15 39 1.4344055780418463
15 77 9.255342906345197
15 98 1.0945594733773811
15 29 0.7574933142734253
15 99 1.663395864296181
15 97 8.635226336772867
15 79 3.871128039915932
15 60 3.1196013203854145
15 53 7.365540022859392
15 63 0.4264010186138656
15 43 3.9621545382561485
16 84 1.8157975884891997
16 30 5.872665032834563
16 19 0.668967582957376
16 25 7.56030183279178
16 98 3.6229989266824036
16 43 1.8962459576756596
16 88 9.054623964135573
16 97 0.7440296564055748
16 22 9.450995943897846
16 94 4.1295398585347876
16 72 3.906745048525787
16 78 7.060531602276248
16 39 8.690576054422205
16 50 3.777977580563622
16 66 2.76567017596828
16 41 4.17825593547523
16 76 8.706962411858228
16 86 7.019200651957432
16 73 5.486726168974512
16 87 0.7613037529645539
16 18 3.820684280362806
16 52 6.956080123671238
16 90 1.36838086595508
16 83 3.5705651664352587
16 57 2.753636217523022
16 75 2.5288713596453736
16 85 6.740685964206321
16 28 6.592176766296499
16 38 1.1679491402682962
16 56 0.28370062268414875
16 29 2.93876518675122
16 35 5.512815294946394
16 93 1.6191148942463263
16 68 4.372775842246454
16 65 7.364347743625665
16 33 0.2235347548247324
16 21 0.9484868942007008
16 53 0.7492907386726633
16 80 0.3806588100304753
16 40 8.35446906567127
16 47 7.778407012714734
16 27 4.305181745510853
16 63 7.158044290523115
16 89 0.181654756377716
17 57 5.987618309949921
17 59 0.01671654727795624
17 94 3.191077172735297
17 83 1.3695943414991618
17 98 1.620607774395294
17 63 0.9069830130361001
17 73 6.880221407366337
17 71 1.5630727348307483
17 79 5.810404579982747
17 86 7.5534805214823315
17 35 8.698188684288354
17 30 8.022451950946847
17 51 8.90838684726624
17 53 2.093450989643426
17 45 5.249824354086848
17 90 5.750525768603972
17 33 9.762786983629466
17 50 7.740665399658985
17 42 5.243857772814949
17 52 0.670714693943163
17 27 7.5963303052998725
17 20 3.401855917878014
17 41 8.550519664254232
17 47 9.160292893236017
17 39 2.4564250600666915
17 38 1.790481909490167
17 29 4.921484746953137
17 66 5.209241698920568
17 92 2.9598607944981783
17 97 0.7628771729888062
17 78 5.4592364634212895
17 82 4.502342876757563
17 48 5.735714777413695
17 21 7.565250356614613
17 18 6.305501519416273
17 76 7.0810927730812345
17 23 3.370898396848271
17 81 6.914602505935868
17 61 0.06379128705782278
17 40 4.984303683931762
18 73 4.752922396538749
18 69 6.174063880682893
18 86 4.6962035670118665
18 44 7.213181737426611
18 92 0.996588239942906
18 26 9.482925996231943
18 96 9.418036473990188
18 60 2.615789963905427
18 63 6.292971398060798
18 82 0.5487568271985876
18 98 2.07560338484593
18 31 8.71374427914722
18 54 9.42261759475162
18 56 0.5702241676454112
18 52 0.10597905969224275
18 58 3.9724016858454245
18 93 7.387754871257983
18 22 2.5617224886246373
18 74 1.9007008382931656
18 38 7.823286875231749
18 19 8.153243480939244
18 33 7.0587025966016945
18 84 1.5942288866146659
18 99 7.337703397495816
18 61 7.459572516464448
18 91 7.257633193019726
18 65 7.844229244385115
18 50 5.068344794889958
18 30 2.479175014151739
18 47 2.6400722239100127
18 43 8.294437166525729
18 89 8.987784834890839
18 75 7.849019980923914
19 53 3.7410937599887353
19 91 4.72879523472919
19 73 4.252034339357888
19 63 1.6765843261145874
19 28 6.093343097181478
19 33 9.523519571472303
19 98 0.3389717299463202
19 30 4.085633957364056
19 94 7.258288561798844
19 70 9.600795247533439
19 81 3.787308904193786
19 69 9.090453604067397
19 20 1.9408963067715068
19 41 7.259765390138098
19 38 1.7908345169910356
19 26 3.7575007934798066
19 76 0.07746418405953581
19 23 8.158781277279497
19 65 4.243719429457004
19 24 7.7334642960824045
19 29 4.851666162478349
19 34 2.7355294851831102
19 67 6.87528706551777
19 55 2.2142440595635247
19 39 1.5815487056067434
19 84 2.052860183523404
19 79 6.064271251219431
19 59 3.018259333109418
19 40 9.693195728039852
19 74 7.446966154002857
19 42 4.834563366500518
19 37 2.9893466201703864
19 57 3.920015086964793
19 64 4.650472337438165
20 56 8.674789890432594
20 70 4.497272979009739
20 43 3.8235760773783123
20 55 6.98383518134408
20 86 6.392210096072578
20 82 7.210624727995796
20 29 5.225223552026714
20 95 6.807583690369086
20 77 5.295299934722113
20 54 0.6543134664034855
20 88 9.318877860974093
20 51 1.2141354108185454
20 65 4.833732748135562
20 41 8.48911680772447
20 39 9.380496654521023
20 59 2.2643799172216053
20 96 5.12741266185928
20 64 8.158857922367455
20 93 7.685228739316634
20 32 0.5318149823478713
20 75 6.257299978452502
20 46 5.532128016769708
20 44 2.3538299167613017
20 87 0.3167016668484157
20 49 8.176384089792174
20 30 7.680223630912697
20 47 1.24162451288785
20 25 7.985990985835759
20 27 4.873416727845649
20 71 5.298111342672866
20 67 5.117089858731321
20 66 4.567974985196944
20 36 8.831535968661804
20 24 0.27168129719363776
20 90 6.493325571918302
20 42 1.6425942392371007
20 63 5.05370946216164
20 91 2.7336415700470296
20 58 2.0126137292807145
20 31 9.960300496413536
20 98 9.220744260720835
20 84 2.8125346021190722
20 53 3.5877741793422646
20 99 1.0844124652139542
20 33 9.60840898923003
20 37 6.474692212803751
21 62 8.487008419572206
21 58 9.739138542191927
21 73 1.239278276032133
21 67 9.79012659934726
21 64 1.4057298324027845
21 75 8.559262769928418
21 52 7.748778100176086
21 65 5.284234758214418
21 80 4.902015737851255
21 59 7.665420494336121
21 28 6.444734782884077
21 41 0.9852950810421535
21 63 2.3257505994762386
21 55 5.477675032282026
21 31 4.0305188900146485
21 96 6.798056180371609
21 29 8.187360993501049
21 99 1.2450957661668782
21 94 7.649837460988921
21 34 4.346736227369585
21 50 5.5233517460473855
21 78 0.25060674910108105
21 35 2.9061878828313747
21 92 0.1918877297070265
21 79 2.419837178522969
21 30 6.5467057025908995
21 56 1.5356315000912857
21 90 5.9194228782114955
21 23 9.558565806574876
21 40 9.705219523870394
21 91 4.465380555310684
21 71 0.9164992206045841
21 39 0.9615567586745088
21 85 8.002126803473073
21 98 5.284218091427518
21 26 6.048356777850588
21 77 0.7119469608322737
21 36 6.60185126109727
21 87 4.0494132140589665
21 84 7.252801782503626
21 51 2.7926966357013274
21 38 2.2663731773220497
21 47 0.01238031846440335
21 22 4.230200360746085
22 30 5.122634215178316
22 89 3.217405788672111
22 60 9.478031971493321
22 88 2.706409830560883
22 83 4.393602807174001
22 24 2.060836365297546
22 77 4.2165113675187
22 59 0.948447538434074
22 68 9.756067709097202
22 51 0.11703616585587717
22 76 4.055019128609077
22 72 7.999249000232256
22 38 2.288433281817086
22 86 2.188012965079096
22 41 0.28652650026988913
22 27 5.427614743842474
22 45 9.591966993634536
22 26 0.8401108634576415
22 49 5.365653369909767
22 34 2.658996829158433
22 97 4.875172981717181
22 84 6.1389269037286445
22 52 9.718026899770836
22 67 7.16851948635203
22 23 8.499025583695772
22 78 9.502146953691259
22 42 4.131959611475064
22 98 6.894103959250817
22 33 0.8288125880856356
22 48 6.154613554928612
22 55 2.8132267032694838
22 66 7.214187566492999
22 44 6.021130115428561
22 36 3.150818270302528
22 46 1.8858890688299412
22 96 8.549390306059566
22 50 4.522281221864542
22 43 2.62516184464743
22 71 1.9821614562203504
22 58 6.4721860320309546
22 74 1.0973447557265492
22 93 9.324387810700086
22 47 6.714464384981947
23 67 9.168916188893888
23 53 1.4909556927608103
23 79 6.6981931139129145
23 96 9.789591763679155
23 38 7.434025668495301
23 93 4.215633253240606
23 30 1.050906416566998
23 60 8.5012878658368
23 74 8.28246007598083
23 83 2.713689566370847
23 82 7.157548682619163
23 28 1.6743007216201944
23 45 3.647906556295376
23 55 1.8353466750938152
23 88 1.8359336178307284
23 37 6.143997800169181
23 46 3.735947801684012
23 85 0.7229874319086693
23 86 7.117667772994084
23 33 7.234415296152123
23 25 8.457129357674102
23 90 7.4974748778548195
23 32 7.080027199951589
23 95 2.3053622071255395
23 57 4.081719510186124
23 36 0.3978316695012851
23 51 7.758177427281278
23 40 1.6690991318842852
23 76 2.3699631613494065
23 89 7.163596331591936
24 47 1.2048417500366981
24 91 3.8875209306037064
24 40 1.982050888250395
24 69 7.8520549498577275
24 84 5.844464450695933
24 42 4.971484851663503
24 96 3.883336034614792
24 72 4.197685594441501
24 85 2.326342715160179
24 45 3.2220555900209935
24 57 4.595303504768223
24 36 3.590255436975671
24 28 4.616263967318355
24 39 3.8623666495716025
24 62 9.098412200849777
24 53 9.133400144353347
24 90 3.681150926006268
24 49 5.54896099208793
24 54 7.683663861016411
24 34 4.484574506171422
24 98 8.629191876721702
24 71 1.8427512633659926
24 68 5.605694759240767
24 38 0.3142775381059426
24 81 0.5300150841133333
24 77 1.1341446210816575
24 80 5.514114674653579
24 97 4.311895914189128
24 27 7.41494655614133
24 29 7.348969990560024
25 30 6.165662720556647
25 69 6.968061059855267
25 93 9.913145603673811
25 74 2.318429394097313
25 88 9.839211283667638
25 55 1.649268142259508
25 95 4.276423002351041
25 61 7.054600363364497
25 37 1.8524898895458586
25 90 4.194551811813586
25 70 4.602272959370102
25 44 6.020535619499442
25 96 1.0497120455905329
25 34 2.6057461087539755
25 91 8.179299805915502
25 73 3.4938421636260397
25 78 8.404859788829691
25 71 6.921900680057038
25 82 3.861306413021625
25 54 4.388979992982707
25 29 4.666137442245998
25 62 2.066576377004803
25 75 5.78015408084439
25 52 8.485140838854825
25 50 8.443482648887086
25 38 3.3394545775842155
25 43 2.527528819285795
25 67 6.490484871773754
25 28 8.60107174720397
25 64 7.07392306254286
25 42 4.14906899816979
25 53 1.2807183500786323
25 48 0.7962450635363927
25 94 2.457595325060171
25 72 8.67393145624657
25 76 5.446073786042178
25 41 1.0149603168206345
25 68 7.150637525227644
26 87 4.0774450352230485
26 73 4.370372132289999
26 33 3.3175328425269344
26 72 2.1553171489243486
26 79 2.4593522260615073
26 43 2.6457168915553897
26 30 0.9358354535097024
26 62 5.093626964026832
26 91 5.939608004123177
26 41 2.0475804867638905
26 49 0.661150975062299
26 97 6.368721363216055
26 61 9.300314677906144
26 75 5.06536158839345
26 58 4.690401702106622
26 39 9.843570845954726
26 83 8.49456714322407
26 78 9.544995309702703
26 85 8.067852177033314
26 44 0.5801633826254649
26 99 1.412335079765249
26 66 4.904144280384233
26 98 3.735136977441954
26 46 0.5943159188869473
26 95 0.35930610128179774
26 29 4.936811209470198
26 89 5.842295626998732
26 32 9.869418896888893
26 70 6.761571482648715
26 65 9.391646668890697
26 53 4.600265317751246
26 92 0.6379496102500037
26 74 0.025667264370557996
26 31 8.509611839716733
26 71 1.1078891964840942
26 94 4.182589426733825
26 47 9.098109724187509
26 34 8.373993952727437
26 82 9.436768048243511
26 48 8.839879023310015
27 83 8.22140146946746
27 62 2.878690409162176
27 36 3.5055456839433563
27 47 2.266827487788298
27 65 0.5873555645577677
27 53 8.425364157428271
27 81 2.5816440517023476
27 37 0.8115733184621698
27 88 4.4192280796551255
27 89 6.7885652570351285
27 97 0.6488303865931133
27 58 5.462445689840594
27 41 9.182116206406638
27 44 1.6613559602100803
27 94 3.7565866247309
27 67 8.212772562726311
27 79 5.311060900952274
27 39 1.729921862246886
27 98 6.349964246739051
27 84 7.003859503884087
27 63 7.719841647295489
27 55 9.088994350281915
27 78 6.270849075765201
27 68 2.3758878472183076
27 45 9.501014866563265
27 85 2.205254493926554
27 40 6.559001156010002
27 99 7.481156978721222
27 74 5.73050607280031
28 76 0.832501137935282
28 99 4.296654815195875
28 59 5.80725696378476
28 79 1.704450286737419
28 80 0.1900634077376595
28 87 3.8573328297447027
28 89 5.977956344386738
28 60 6.447114943368294
28 62 6.6944703974518305
28 74 8.422319966435968
28 83 2.8403466999304374
28 65 2.869654293394266
28 40 1.8498068572198823
28 93 6.211477375438981
28 63 5.740370771739639
28 94 9.424463944686014
28 77 1.8198127127429808
28 70 8.455568857921818
28 78 6.348174656455059
28 53 7.109812889470595
28 39 2.430561126500029
28 92 3.8970053523879047
28 52 1.1230609854813822
28 31 4.94827492190762
28 84 2.3968495166931305
28 54 7.3477333058521275
28 68 6.211582160819644
28 36 0.7538632729368633
28 49 7.3384879147433315
28 44 4.470749516924068
28 56 3.195587642816906
28 75 6.410716060137202
28 73 5.894866577538725
28 37 9.61914366819068
28 57 7.499211804273003
28 58 7.216915648333759
28 72 8.845976386123802
28 82 2.3011670790006633
28 85 0.2742351131851639
28 98 1.6659876684337538
28 51 9.67447501569118
28 43 0.9537296998029365
28 96 2.1614765808756573
29 70 0.23904637553474717
29 85 6.110371321126486
29 47 0.465990927796881
29 66 3.9353611734282348
29 31 4.111988113107101
29 82 9.462582572655068
29 62 3.124525722464282
29 95 8.080313782360037
29 96 0.26689353271076244
29 42 0.07148756088668606
29 69 9.546489825894133
29 46 2.2422524713617586
29 59 4.372106719109489
29 94 7.130145256356121
29 40 1.6395082537282601
29 50 4.03517286619075
29 37 9.46498103267477
29 67 2.9539724367619136
29 48 9.679459204393456
29 78 7.8934679054581895
29 54 5.9272949072525885
29 60 3.042285446769002
29 92 2.5535351331142166
29 39 7.7537934214201565
29 63 4.270122520589839
29 38 2.191401635232302
29 55 4.667268396159544
29 97 5.821594359712234
29 33 6.363853028136028
29 36 6.734592376579418
29 93 5.33398541746413
29 99 2.7915497850269375
29 91 0.23377100931321504
29 74 2.3326673435425005
29 89 2.37431289000386
29 35 1.4523266680842506
29 51 0.44142919221478616
30 88 5.497576919724404
30 66 8.646579150892554
30 86 7.059658411101058
30 45 5.620822345628483
30 84 1.909869173504397
30 44 5.319216537593593
30 58 2.8990105159902346
30 62 6.962650940076153
30 74 1.0016811395747804
30 89 3.942744357745421
30 76 8.079758307708426
30 36 7.713899081317502
30 83 0.7165957180979932
30 60 0.3752669504699946
30 77 9.67930095946025
30 57 9.276660435462084
30 73 4.740101932029606
30 43 2.990325931689297
30 40 3.1301109933463556
30 31 5.961695824266288
30 90 4.2039477503231995
30 68 0.5462916426972964
30 41 5.498237001373103
30 70 8.87848874506531
30 81 4.631410942203128
30 72 1.5875140274743549
30 65 7.805231316873918
30 35 9.807915328891397
31 75 3.209675232898286
31 89 9.880038820331814
31 66 4.717195398819369
31 48 3.896602736837387
31 77 3.405501697371597
31 36 2.713176292480517
31 46 3.159447440128893
31 67 9.174695711519234
31 64 1.7951869628889539
31 42 8.158458005530047
31 79 6.818948859084704
31 50 3.1971041645964995
31 68 8.713549436376372
31 34 6.392062520142385
31 90 5.31536586860295
31 60 7.121427591024383
31 41 9.626801918671653
31 65 7.2520499999479116
31 92 1.480238164610178
31 35 3.4992111692428907
31 88 4.999431772737624
31 40 7.374507997239958
31 38 5.8337951573780895
31 85 1.5725970115405363
31 95 7.742408007893174
31 58 3.5007757380665048
31 61 0.4906103002480555
31 73 7.007793476591071
32 71 7.965210596838074
32 35 8.49899916790996
32 97 2.9293652826437255
32 49 0.8834899314927869
32 98 7.878820126589961
32 53 2.801324387118014
32 75 7.987764696937073
32 60 5.4518293140052805
32 59 6.44204137914692
32 94 8.597032545560062
32 87 1.7127598713011416
32 89 8.106739955656812
32 65 4.021770463556521
32 70 8.945885969335233
32 92 3.0562616666989637
32 86 5.509030565674346
32 37 9.18424394441153
32 96 8.70769968050744
32 48 0.6721236540452602
32 80 6.837950710828359
32 38 8.006714675860948
32 69 3.5478161444377045
32 67 1.7463290162666145
32 81 4.9875494046515865
32 58 6.431212066116619
32 57 9.056867617005489
32 61 9.366611604852237
32 79 9.427049432537444
32 64 9.9463632709645
32 85 5.9577615991941855
32 88 4.521075996590862
32 50 8.603707820799972
32 62 8.902569734356046
33 98 6.259034384284551
33 39 8.66458944506768
33 55 8.822955353665533
33 85 9.127980495301443
33 79 2.531687165263553
33 71 1.6006947702529273
33 96 5.376439675628012
33 63 0.7658962468309782
33 40 6.2473077770716445
33 58 2.2533325128068524
33 97 2.77810317268413
33 61 5.282893558494722
33 34 4.718997376204484
33 35 2.030019576096589
33 82 5.17119735043967
33 86 5.55266677313392
33 67 0.21152553576602173
33 64 9.562444374032026
33 91 9.651708460397455
33 56 6.269877452911839
33 73 8.198687526913721
33 51 5.275836662134031
33 78 9.892122604536432
33 68 4.553334558456248
33 53 2.0789096508220117
33 43 6.363291503949845
33 66 6.430485349730501
33 80 7.5138132093787435
33 93 0.20121363778852652
33 77 6.635267352586265
33 59 5.789220836347885
33 88 6.819780370176396
33 37 7.383196972664204
33 57 1.69053612596046
34 87 6.462718527394945
34 49 1.538899009588458
34 92 4.505455218698806
34 48 5.233400629511652
34 43 5.583419388304814
34 91 3.397353397577744
34 82 4.915120838630612
34 77 6.986172627088884
34 51 1.6910093680631988
34 57 5.866112880105506
34 38 1.7961606235011374
34 52 8.842913250318752
34 78 1.5782847454910787
34 39 8.593123713269822
34 95 7.836468624023044
34 61 0.320546049561391
34 74 4.9054288076636094
34 62 0.2764765932258073
34 65 9.198977281460282
34 64 6.209147420594418
34 55 2.9106069152313974
34 35 1.6681169823503983
34 80 7.940559573286729
34 93 0.30056542114246243
34 97 0.053719899415251016
34 44 9.539055720237467
34 63 2.8677332199057917
34 42 2.7377831466972493
34 99 1.8718248355469502
35 60 4.640457683427005
35 70 9.525483501893078
35 52 5.807504076577405
35 59 5.363747141027141
35 88 0.7902055111663531
35 87 5.894827307741126
35 93 7.259525726776491
35 82 3.3619082557834257
35 48 8.789799333305426
35 51 8.257225169375461
35 50 4.204955749932129
35 84 2.525568321753564
35 71 8.322684948256692
35 45 4.610393952421445
35 44 9.010146974895706
35 81 2.0942092968698844
35 61 0.7249528920991077
35 58 1.9183623436135278
35 38 8.125930121028631
35 79 4.028209421742436
35 96 6.535256244127644
35 80 8.738341469461417
35 86 9.765615048771894
35 42 5.505340858957581
35 97 9.98784741074781
35 85 6.829816412582201
35 68 4.88730211580731
35 89 9.795274514131068
35 72 5.285201168239944
35 65 6.680000414016181
35 75 4.6692863544580865
35 76 3.713177157523868
35 63 4.954036168679349
35 57 4.110898365434929
35 94 0.6079998375639017
36 66 0.4822336282774231
36 81 6.9539624594257035
36 84 9.340953045006247
36 89 8.608561683725084
36 57 3.204760661781126
36 42 1.7417384395274482
36 52 7.7478958972965595
36 63 0.9803092845494799
36 82 5.926711641585465
36 45 1.175988685045306
36 40 1.7743622322997976
36 79 5.177843013367578
36 69 9.099615137726902
36 61 7.335237842880113
36 49 1.1112557632464226
36 41 3.4823167299078905
36 46 4.096222630943256
36 80 9.548703587377593
36 47 6.51007531804868
36 58 4.710443693443453
36 76 6.444629320283603
36 91 1.3880096013508236
36 98 6.708046096354529
36 78 7.569449434674046
36 60 0.019866150924034987
36 93 4.454827263521408
36 74 8.46714836926131
36 43 2.683243726267337
36 67 5.787835699319221
36 94 4.416239603692265
36 51 3.856301962129145
36 77 8.930438565925884
37 73 8.597357772418878
37 91 7.333116515772179
37 44 0.35012955537526813
37 54 9.3141670065275
37 88 8.506455456120431
37 86 9.86204472840584
37 85 2.3218937913081463
37 79 0.9770941571641567
37 57 1.241679628398219
37 56 3.848319189246042
37 83 7.804466691850749
37 67 9.796597227876106
37 39 0.5785308334658401
37 50 0.23505511202329132
37 46 3.5175504067846886
37 49 5.8859654342539915
37 97 2.8186335368206406
37 84 6.397821898930554
37 80 4.520832679165937
37 96 1.0582229563509538
37 81 1.102828940342525
37 72 8.791289316769026
37 51 3.3833619059175923
37 93 1.7981256269537038
37 63 8.30159867460632
37 90 0.08456446921428107
37 60 6.816882012990648
38 73 3.2894475476920104
38 43 6.335812375328774
38 74 6.563257245551826
38 78 1.257786100826429
38 44 1.3561183457658765
38 92 1.8477092944879703
38 76 3.269406471186608
38 41 7.5634862644815755
38 67 9.76514151937726
38 86 6.672303277219715
38 55 2.82230100803487
38 58 8.451825422712101
38 77 6.583298173383254
38 54 6.247620931094833
38 70 8.678971838117462
38 63 1.5653983920384396
38 81 1.4672452394735869
38 88 5.222851038723485
38 71 8.905222293369876
38 56 9.26477542642602
38 87 9.342429269319329
38 48 4.334794169478538
38 84 6.319859771277651
38 66 0.8316642869722901
38 82 4.262341258377251
38 50 6.785887829447076
38 93 8.502955121970853
38 64 6.767393913244799
38 85 1.0662564412451936
39 76 3.8029481861373906
39 81 6.4891155038720685
39 79 6.083525296608732
39 47 1.349570724919399
39 92 5.218367744357202
39 51 6.28480254226051
39 96 2.9134239220595948
39 66 8.133001921039074
39 60 4.715339173437033
39 82 6.708110009964107
39 57 3.553209074242085
39 54 3.1686318309480574
39 94 4.9386095593824635
39 63 1.4168160790481366
39 80 3.608397194971648
39 74 5.436181758694074
39 55 6.431410171491434
39 71 7.194426250261769
39 49 7.065008396143715
39 62 7.776945828019279
39 50 3.535670113053749
39 61 9.6339287096937
39 87 5.105455179997408
39 88 9.09286350253636
39 75 0.05695040796943829
39 83 0.3131724062472152
40 90 7.402221424912174
40 89 3.6244294273179634
40 49 6.172685957401666
40 57 8.821242014101994
40 65 7.730432245370115
40 63 9.157169566544672
40 52 6.644462700274946
40 41 8.423559318274274
40 76 0.5286034377170867
40 53 4.971757580143202
40 60 7.6206771654256045
40 47 3.7176598117226733
40 70 2.885532683162606
40 82 7.421471690774081
40 55 8.284927043959073
40 43 8.688786861241745
40 44 7.586140821458752
40 58 2.090251667811968
40 91 9.050203616933569
40 95 1.2750933326060898
40 84 3.518245017980485
40 80 1.7742544631562873
40 42 6.429615031264353
40 54 3.4217459184652843
40 94 9.161407030580222
40 56 0.29825537842219196
40 77 4.640171715624236
41 91 9.074771756052357
41 92 0.16585110860328656
41 44 3.4472926415657867
41 50 3.4013535507646697
41 77 9.155654478069513
41 70 0.8710472724415097
41 47 7.282268364135199
41 86 5.867389087078393
41 53 7.870500685534289
41 42 1.2879076202603557
41 46 0.5624874350303111
41 81 0.9948591005573737
41 94 6.093829711943543
41 65 2.2519030898501557
41 97 5.381856279013951
41 79 8.839221354754702
41 89 1.3401897719202893
41 54 0.2176364100376904
41 83 3.2132874936366362
41 57 5.6904433405360635
41 69 4.457766038261973
41 87 5.254420376418992
41 52 0.8338243759782371
41 78 2.7554751387343113
41 49 2.1035746705040257
41 80 4.488351774682785
41 64 2.6443176254158116
41 85 4.2917992347677005
41 98 4.303489042646365
41 45 2.487323360913222
41 61 0.099700005160972
41 99 5.735430680394931
41 59 8.683195456396056
41 56 6.987727657173907
42 64 1.4545563857694355
42 76 0.934514726951855
42 66 0.3106065184601581
42 62 6.329730633849703
42 53 9.969451425185799
42 72 5.855683743348122
42 85 3.985565290450064
42 55 1.0717672027208514
42 95 3.4690315002462757
42 45 8.024865253277957
42 94 6.0783093903475365
42 96 6.827903365260512
42 98 7.193143983464645
42 69 2.5785420798455707
42 65 6.255810361567949
42 92 1.2843380724459885
42 61 9.615840837065843
42 58 0.6979612744111463
42 48 5.864312548837032
42 43 0.08294191476769797
42 54 9.824415008997978
42 50 2.165782980027072
42 60 3.4407596831173306
42 46 1.9102807718474557
42 56 7.100489180645059
42 91 9.653236395032762
42 47 3.119599627268669
43 67 4.5365908469243
43 91 2.127518529312268
43 53 0.8852238366482434
43 68 0.9940771106836177
43 82 4.720844523335675
43 49 0.6359133187438704
43 99 8.236762781075345
43 63 4.418767094135401
43 74 9.728250746888936
43 73 7.308963227427132
43 87 1.385704041196496
43 48 0.7762626770662018
43 88 0.010228973261932062
43 54 7.3247405616143455
43 61 9.737922639077492
43 89 5.6640424316388005
43 76 8.515671298821974
43 64 5.567099401805842
43 51 0.03867739019550509
43 96 1.9289469900122747
43 85 0.15810402724437123
43 52 7.625826870371718
43 98 8.430311406330334
43 93 0.538371096694571
43 95 8.959047101110128
43 55 1.0891553175767488
43 86 7.559262991321357
43 47 8.80424370446358
43 75 3.1667936849383027
43 62 8.058669443401318
43 71 2.2477636487072425
43 56 4.648856191371236
43 46 1.4282588322217293
43 97 0.4347274509644161
43 94 1.6342184417641081
43 77 4.870307041456811
43 66 0.5588842043695708
44 45 0.5642718355298892
44 75 1.0727658427002884
44 82 5.133062081794035
44 53 6.662389696925919
44 92 1.1962761890274398
44 94 2.2921969011860046
44 62 3.7506896050275573
44 51 7.457688741518384
44 73 7.938903926588711
44 70 7.567606195558476
44 93 1.4715144225315324
44 57 8.33893924654239
44 61 4.403552528759073
44 88 6.947913731005634
44 84 8.607983025896594
44 99 6.4912990987376595
44 77 3.0958088628802063
44 49 1.9264653256385178
44 69 0.9957804344531918
44 79 2.4990727450349004
44 85 6.139980891000503
44 68 3.4471840680855137
44 46 8.059920923581283
44 60 5.754017821773436
44 56 8.413012753166544
44 98 1.0196320009836057
44 90 1.3138215186402413
44 95 9.66325579159714
44 76 9.941223734124904
44 50 0.9123870168160464
44 59 7.533376207795547
44 71 4.128866209235649
44 87 7.204282711063803
44 97 4.129392967411399
45 73 4.888542066483651
45 55 9.081744865705659
45 52 4.472486221271304
45 71 7.718789689736461
45 85 2.7777599834552746
45 47 3.2603161566213332
45 66 6.026358624577405
45 78 9.917048252656063
45 88 0.8682498891160029
45 53 5.705537533008165
45 54 0.17653188726398095
45 93 8.999910120892228
45 89 9.357550654359173
45 79 5.62260271437753
45 56 6.102802807789633
45 97 7.494907203155249
45 98 6.263363163891215
45 67 9.468883151031989
45 65 0.3458436083538241
45 82 3.2263260721108447
45 80 7.002460711607462
45 46 5.462404037849877
45 86 4.38374601440683
45 72 1.5236604486525274
45 62 8.927054380960207
45 95 8.878875819517194
45 90 5.262848349157548
46 51 1.3552068879040813
46 78 0.5925604854099387
46 99 5.765227386213154
46 86 6.269433298005797
46 58 2.8319523718195274
46 63 9.534793902513313
46 83 3.481518884106787
46 85 4.528945336319467
46 73 0.2772251028990236
46 84 1.4603866372794017
46 79 7.018389036561175
46 81 4.788314332689603
46 92 2.913048364852183
46 54 7.1404647859760555
46 80 6.916066251524305
46 50 5.215340723217947
46 49 9.678014949560975
46 69 8.087219173552807
46 93 3.9758632436886243
46 59 7.782983923587597
46 48 8.779404966034917
46 77 6.067040424562153
46 56 3.220002205924736
46 95 7.959407436148256
47 68 6.9202038489969375
47 92 8.896415097931442
47 82 3.193854093481181
47 79 7.8957693458928935
47 88 6.049715963428288
47 87 9.35995481559787
47 69 4.615648024815313
47 57 9.299526974264491
47 99 5.872533495859233
47 84 7.181773787777069
47 78 3.9696012934177705
47 65 4.067106044729506
47 91 4.2834837631829545
47 85 6.376123821032396
47 77 3.4579013718791596
47 50 0.41814314862315016
47 54 5.270638440489214
47 52 9.235411766588504
47 81 3.584298041956757
47 67 2.0729915795034515
47 89 3.8548728961234535
47 94 0.8043703862447027
47 56 8.635365228856118
47 66 3.9519101751797745
47 64 9.511695580494028
48 88 5.497590025256892
48 93 5.631863560210185
48 62 8.602177435732656
48 99 5.4618736906605205
48 70 1.5623066003712227
48 84 1.5075768385380472
48 61 0.47423303851689247
48 96 0.1402057586948191
48 58 7.066979330393877
48 91 5.452576199281283
48 76 8.540708283973576
48 53 9.197067186367363
48 71 5.83890805108696
48 90 7.1089044998954645
48 49 0.5702570567547105
48 73 6.717277469043422
48 64 3.732627774731685
48 57 3.0362276882613592
48 69 4.5276537058565065
48 98 3.2793318935343274
48 82 3.2209485881223654
48 81 5.620435288906357
48 80 1.8300274588631416
48 67 5.22474696206395
48 59 3.60609949213182
49 93 0.47781021876811325
49 74 6.2191600467244825
49 73 8.955070973991928
49 94 5.88497758151866
49 79 1.3859293625298652
49 78 5.878685342499375
49 50 2.4150948103698133
49 92 4.629302455459079
49 51 5.466206911277136
49 52 4.945335106420341
49 61 5.876554251031209
49 99 9.969032651767876
49 97 5.5836942358454404
49 88 2.811326594872149
49 57 9.404283898496496
49 54 8.959710720042901
49 77 1.8008720817353763
49 64 6.826684622907015
49 76 3.6365666307689795
49 96 4.948073666613197
49 91 6.1920820158966
49 82 4.151449682337062
49 56 4.468557192785893
49 75 3.4521677087980986
50 99 7.295052898959104
50 76 5.327385470977769
50 92 3.3867160906857565
50 63 8.578407168294572
50 83 4.314757705270212
50 75 6.671793938140102
50 98 3.1465396918869515
50 95 2.7986673256154204
50 79 1.171870963412921
50 55 7.195066912770846
50 65 9.11072557887816
50 53 1.9002950259561335
50 59 2.4351997404998293
50 93 1.8102106425073505
50 60 9.676172710280138
50 87 2.066537803851044
50 61 1.7950044688828792
50 51 2.5714962770992935
50 52 2.5937923488313617
50 57 2.4763525821005263
50 73 7.588152363888982
50 74 2.161972600812404
50 62 5.147507309506083
51 98 2.7531662445691008
51 95 1.8072823138233174
51 94 0.5656949053742055
51 64 2.590700379980173
51 79 9.427040997478805
51 59 4.075657994996282
51 83 5.521733555824595
51 76 0.9379819248941856
51 99 4.999487097728936
51 57 1.8672970276634004
51 90 9.326027448802684
51 72 9.062916170197191
51 60 8.54009950994997
51 61 5.032351523610003
51 58 9.316833736303437
51 87 2.1976359479372354
51 88 7.786342924474266
51 69 6.302619088466191
51 86 1.3275038606981004
51 65 6.457340452939015
51 54 5.9418407387047765
51 67 3.555056313192293
51 73 7.619431714570149
51 62 1.5920652200837226
51 92 9.797483800872204
51 75 6.222096817316914
51 82 9.397075294269792
52 70 6.974508907007407
52 77 6.204048599571255
52 61 1.2287832426684775
52 63 2.731589590247455
52 91 7.392158868377244
52 73 4.279510510166339
52 96 0.3009647652736702
52 54 5.293204056350788
52 95 0.35356929621921496
52 62 9.68079244407123
52 84 9.107478437630412
52 55 7.308892831139317
52 74 6.462906547049578
52 75 1.330416864455921
52 83 0.7109584781275657
52 56 4.128273263428406
52 64 1.3126191281361743
52 97 1.456086814887424
52 93 8.171777567945087
52 58 0.8140708528041918
52 94 0.8644454580347538
52 57 3.777319627653121
52 65 3.252882186034416
52 82 0.26034322831177126
52 76 5.529192956037903
52 71 8.736418945333021
52 60 2.3852424893898294
52 78 8.225203198036688
53 81 8.364995315999288
53 65 9.188629414179735
53 86 3.950115578758433
53 82 3.0942568166743447
53 89 0.4154464565780047
53 54 5.813215529486431
53 64 3.854332938683168
53 67 8.348759692959554
53 87 9.108101747083078
53 61 8.595449604704152
53 88 8.594341777380691
53 70 0.1394907554966851
53 73 6.048675188966253
53 59 9.615122725448588
53 72 1.2678439311412926
53 60 7.157579479664814
53 94 4.444984171508141
53 69 4.080525820780268
53 68 4.842192558667965
53 55 2.748208992013054
53 83 8.604927124830725
53 80 2.7933248978939282
54 65 8.348129571492041
54 88 0.8616853483552078
54 92 6.859478213952364
54 95 2.889710812739822
54 94 0.026301540658935085
54 58 9.505850236777396
54 59 1.756106798666669
54 57 2.0864486039748895
54 79 1.0119346838055954
54 60 2.7615542503211254
54 98 1.614194273837808
54 90 5.5415615522656205
54 70 3.0418558501542368
54 75 6.754036158359149
54 63 6.099708026867003
54 73 7.215448003319111
54 62 8.506151417042245
54 71 0.2771569280940589
54 61 3.031772656361035
54 81 5.542683683936071
54 87 1.2124002841618453
55 74 8.761320544679313
55 71 9.675501565424348
55 85 4.9019573512893455
55 77 1.4520650300477056
55 97 4.125707020178404
55 94 2.3194122555231234
55 89 0.1211086320461574
55 64 0.8979617025265485
55 69 5.540520976289711
55 75 8.969856571893269
55 65 0.6114094270458437
55 83 0.5690692649190698
55 57 4.114145521680771
55 58 7.586778367439839
55 98 9.431992153306403
55 73 8.771785365453592
55 86 8.711063429730732
55 68 3.833263254707621
55 59 8.03237202500463
55 66 3.278822674805518
55 63 8.268227190311807
56 75 3.1957704531761113
56 96 2.2844739532560787
56 92 7.456064213920572
56 97 0.5091329348256812
56 84 1.2138847873540248
56 58 2.0087202617026856
56 66 9.765849333917577
56 83 3.3333300075532124
56 67 7.999544394648348
56 72 8.347309257292522
56 60 6.668901743706242
56 80 1.6702259549755671
56 62 2.6806380956648557
56 78 4.339117834566704
56 68 1.224962487710689
56 82 5.045878135461656
56 95 8.871218362428493
56 86 4.68565220128364
56 87 7.010177356745523
56 57 1.455616724289992
56 89 4.354021360225527
57 81 0.5298236491686936
57 84 1.3444578476788238
57 94 4.981301061524352
57 88 9.540387138628025
57 91 6.171556979653037
57 65 0.5193676033248051
57 80 2.4723101139013473
57 64 4.355624951443052
57 69 4.586504424658373
57 78 0.6741631090792177
57 86 1.4188415731462711
57 96 3.077761789842218
57 99 0.8420565302858396
57 92 1.175210442808986
57 74 1.5807583028598537
57 62 0.783092245861845
57 82 0.05623359958949359
57 79 4.198814993315994
57 85 7.928019725195701
58 90 8.296409481405407
58 85 8.149256560670349
58 97 1.3940947248931768
58 75 5.056216757652057
58 64 4.854204674835083
58 69 6.558492505298965
58 99 0.5095481258964674
58 95 9.07309131082504
58 98 5.283989747624027
58 82 6.868623886746745
58 96 8.922173867227109
58 94 5.84536662292749
58 78 6.872311324257617
58 91 3.63622801568664
58 92 4.477424451965582
58 72 6.719199353457296
58 89 2.6581551133133607
58 63 4.972767726264555
58 61 5.883449813268004
58 73 0.2493910063132243
58 60 9.522704947288155
58 68 6.0462037495703305
58 80 3.817823644477085
58 86 2.682178841905346
58 62 9.778606466220754
59 86 9.531543352304489
59 67 1.5175930719555875
59 77 0.2964519366267071
59 68 9.021254297616004
59 61 8.6577830019288
59 90 9.776603053688117
59 69 1.1137902201840921
59 76 1.3077815998333941
59 91 7.287092356926922
59 98 7.041342213757216
59 72 7.764303095510337
59 89 2.9493615329486467
59 71 2.7129319299032595
59 82 2.807856373838631
59 60 3.8148429523699146
59 96 6.504469850376334
59 70 1.884846393863705
59 94 9.069440114482482
59 75 1.97326636866901
59 64 9.236197523881664
60 83 3.7435288894856287
60 71 0.03272145543577909
60 70 4.96586678370094
60 97 9.757426324989568
60 93 1.1273239558259862
60 90 7.467685518416499
60 84 6.474877701480612
60 75 3.0359946330307697
60 92 6.56372504621978
60 82 2.5978180998886433
60 73 5.2189727425080505
60 78 5.962471102440845
60 69 4.5313217693691765
60 98 6.717702367568968
60 91 9.891707332030947
60 77 5.362500520203203
60 64 5.576525490496593
60 62 9.749975263042316
60 96 5.3225607860349395
60 81 5.520549608219972
60 66 6.457956178803414
61 62 0.8885024304938349
61 80 5.622960706563136
61 75 5.806622798751619
61 96 0.9593051120883245
61 86 8.122954296824531
61 68 0.07273623267796347
61 78 3.528044776384278
61 83 4.3129434655726895
61 71 3.536830965741482
61 70 1.0505690964509262
61 87 0.33801180610418813
61 67 7.306827900542596
61 92 1.990963445043511
61 84 2.1753505290656907
61 65 3.9120023538805
61 95 4.089362934957906
61 82 9.165286330127278
61 99 4.262801718151249
61 76 4.881817722126081
61 90 1.7111109652527323
61 85 0.5250707233541763
62 95 6.432764412261768
62 77 9.348816306803077
62 87 1.9427559017125096
62 64 4.9405306558651665
62 93 3.9536427652159576
62 99 5.686415121249522
62 89 8.72926188888043
62 88 7.532602707663862
62 91 2.6566369340620613
62 73 2.1024447405705358
62 66 0.8501653504489259
62 74 0.5197839984396024
62 96 7.623531187534108
62 98 1.1544008080560375
62 72 1.063672863354993
62 68 7.673063334040298
62 70 6.256948532005628
62 76 2.1750260321301296
62 92 4.3483587613086625
62 86 8.648419803589181
62 69 6.111758188750947
63 99 1.8584141095663642
63 70 9.079578803731355
63 76 8.19448091519664
63 81 2.430921167287999
63 84 6.672505815609094
63 94 7.801582614986655
63 66 4.251334545111799
63 73 8.684235698410193
63 83 1.972184525957278
63 85 4.731471925561569
63 80 2.8971590226504826
63 74 9.171191054890214
63 75 5.934218523594678
63 79 4.785134612345713
63 82 3.079708384340435
63 97 3.9881306005026476
63 72 2.3398647588025288
64 80 5.761041700658954
64 65 2.1021086227960306
64 81 1.0888066400863305
64 88 9.637153309490783
64 92 9.001733213082542
64 75 4.471769568250448
64 70 3.9280564384752337
64 69 2.3378833761547737
64 72 3.4071317178596336
64 96 1.4561984476935053
64 74 8.627031522923263
64 87 7.075101464864456
64 66 3.239808042733161
64 98 3.2412472571450532
64 76 2.3998909587078012
64 99 2.1861601090200256
64 71 3.5008008836108138
64 85 1.1828300638999656
64 82 8.95716660589877
64 67 8.68328036649474
64 94 9.214243775672097
65 68 5.4294944298260415
65 96 5.8297619809863965
65 84 9.001980819628189
65 83 3.432249169474618
65 89 1.8626796063704754
65 70 4.750764169611923
65 90 6.8169601370528055
65 73 5.983722176938375
65 86 5.316813966992704
66 74 9.585097613125127
66 93 2.914355384555728
66 70 4.326324810836157
66 83 8.357970888858972
66 75 1.9068065908970322
66 90 6.675111450272335
66 67 0.6077706568660768
66 98 0.38508395817931085
66 95 7.470734364039002
66 73 3.3236465123393977
66 87 9.670821487933095
66 81 7.040495047802548
66 69 1.8970950685393229
66 97 7.136093902085699
66 94 6.910412178231375
67 68 7.61224296990597
67 80 0.8669401388166376
67 90 4.981119207166939
67 98 7.222884350923918
67 94 9.607347366909703
67 82 5.810247869605325
67 86 1.8951704662783275
67 89 7.052578621309772
67 93 3.75298238336943
67 71 5.346397244370299
67 87 7.06938326694321
67 81 2.582658832714735
67 95 9.466844691622063
67 76 3.285067151891065
67 78 0.6852432376154804
67 97 6.617288950654276
67 99 3.5006397985431557
67 75 7.479924560586221
67 85 9.186199237700963
68 76 1.5608499213273752
68 93 3.189112626799604
68 81 8.747562802712386
68 85 2.672462922499154
68 70 9.138320695638061
68 83 1.5792516645583976
68 92 8.846238275185549
68 80 4.5350846485902
68 71 2.9059809706650985
68 78 4.292759550553601
68 69 6.457375371960547
68 84 9.283826817805277
68 79 7.878961313078589
68 94 7.638404992927416
69 72 5.200056234879429
69 96 7.705466189814073
69 84 9.656859535549247
69 77 6.251879073734062
69 83 0.47309965487448147
69 82 8.02921502787297
69 81 2.822526763926927
69 73 2.8183874218857365
69 97 4.445754161065124
69 85 9.077980274621265
69 74 9.959168330019422
69 91 4.421471429795253
69 98 4.564971306987191
69 95 8.574131241816605
69 80 7.462228837745236
70 71 0.2605688324677491
70 90 9.131062438838702
70 73 7.97799952733738
70 99 1.5645131904947485
70 91 3.822979410621048
70 80 7.23615335130324
70 97 9.897284965565746
70 79 8.35106802555682
70 96 0.17258627484565525
70 75 8.204368563673984
70 95 9.408701163928225
70 86 3.8108978435558782
70 77 5.438158246694292
71 83 1.5628261227954987
71 77 9.383078278233807
71 74 4.807977383482386
71 87 5.6197717754696
71 75 8.29677250530138
71 89 1.8967220908931293
71 95 2.8934936544343124
71 85 8.487383955605738
71 90 5.370294434906064
71 78 7.672207733655808
71 88 8.26741889004603
71 97 3.8772904251105977
71 84 2.8861956050453275
71 82 4.844385152667464
71 96 0.060758693255376084
71 81 5.667714583848467
71 91 1.7081138942776986
72 93 3.120419799453178
72 81 7.798728474981548
72 82 2.469637812680113
72 73 5.821497425490286
72 96 5.897959743211416
72 77 6.345184742977774
72 78 1.791553006171951
72 79 0.584532044806052
72 91 2.3925811142995315
72 99 6.104162663567871
72 87 4.7686414986499415
72 90 2.6183931126722335
72 85 1.8511422287801715
72 88 4.610417655973286
72 94 4.3633173018482365
72 95 1.7357511702318518
72 84 4.546136760510011
72 98 1.0191434054371606
72 75 6.679486093699415
72 92 1.3396326034508554
72 83 4.135106379410473
73 78 4.034475434961221
73 93 1.06796443735096
73 87 3.56738508443787
73 81 2.8875435684042197
73 82 4.9027807925531395
73 92 3.7719845978907998
73 97 8.183844870817744
73 86 8.43098719243978
73 80 6.496047891605784
73 84 7.875412241276156
73 96 7.461778897268009
73 99 2.3916168682358374
73 79 3.719931467413302
74 87 2.4633357291236258
74 95 2.6207738634923916
74 99 1.3104227740687768
74 86 2.5807510883030216
74 89 6.457465525348589
74 75 1.04886737663196
74 90 7.948797856936464
74 76 2.121732640602514
74 83 5.979002411158972
74 98 5.394508015525664
74 82 3.9652252656067812
74 92 7.247620586235872
75 84 0.4593033587211548
75 91 2.330606333067382
75 93 0.18816353843513212
75 96 2.838431011923901
75 77 8.856148448851537
75 92 9.027646215297132
75 97 1.7891245546222767
75 78 6.328795400440318
75 83 1.8566394132295228
75 98 8.279729776325176
75 85 8.177033629651625
75 79 4.982544840981626
75 86 5.794584962414971
76 92 7.672735962859941
76 93 3.4687913366016767
76 83 4.213055461050695
76 97 7.978005047122747
76 94 8.67584839252855
76 79 0.7164121534470658
76 99 9.303374055223806
76 77 8.823080324615013
76 80 1.262224301393653
76 91 8.902755895853408
76 78 2.8634357620907878
76 89 8.882642281495242
76 81 7.02145369932754
76 88 7.177897717845364
77 79 0.415491224360619
77 80 4.048274520232073
77 85 1.0102187634406945
77 91 0.9153298205841509
77 93 0.3373077523854384
77 81 5.96564420286766
77 83 1.3540053614851466
77 84 6.952316992780173
77 87 2.2845474338261407
77 92 0.630490468723871
78 86 1.7730171339404088
78 83 1.4788973404615857
78 94 9.882562492698698
78 95 7.273593256026006
78 93 7.144695743226808
78 80 2.8089231842893536
78 96 5.4245441915050225
78 97 4.195876455693442
78 82 6.3015594663338845
79 97 2.62334105488899
79 84 2.6405566818404944
79 80 5.186192736933247
79 89 6.111683314737382
79 91 7.5431900754828884
79 87 7.8717077441205365
79 94 3.0604468948894095
79 86 9.665449847365911
79 85 0.3859892582255997
79 83 5.767950540726352
79 82 6.7466795328508695
79 99 1.5218679008725833
80 93 6.77518898870747
80 86 3.8435923185971177
80 81 3.081764612386182
80 85 4.607445933858864
80 97 1.093234877354281
80 96 1.3536680768156728
80 98 4.7596683845884495
80 82 3.5856947145057427
80 91 1.3863353371940257
80 87 0.4798219153874683
80 83 9.735970667962647
80 84 9.56783974323079
81 89 4.559602447210934
81 93 3.4826232184084818
81 82 1.9765527426245688
81 98 6.707917455500097
81 92 2.8576123339522628
81 86 7.094634598937162
81 83 3.4849481143509733
81 88 1.2267488791931402
81 85 9.827141607326256
82 92 9.176926200496908
82 97 7.488173270928028
82 95 4.17687137175339
82 84 6.635193206468218
82 83 9.511749901286146
82 99 5.246681877925761
82 91 1.3050521407090243
82 88 9.886903936962748
82 94 3.5092675742859236
82 87 0.609056434706513
82 96 4.7157521589411555
83 90 2.0774590849927996
83 95 5.779420781630153
83 97 8.026295712261835
83 91 3.2245882689071825
83 84 9.83952008350306
83 99 7.914458223215977
83 96 3.474284283751168
83 85 4.585478543407517
83 93 5.696976977558803
83 88 4.594393971867085
84 85 7.256191007601011
84 98 6.329186749425185
84 92 8.004521654256674
84 97 3.739425191653416
84 95 8.67314056057458
84 94 7.053507561828944
84 88 1.3138342278049564
85 89 1.4735140759381882
85 95 2.868561545648748
85 99 0.9689460060469857
85 97 8.967128778128245
85 90 3.9363361059821744
85 93 8.219285709052821
85 92 2.9099834187024918
85 94 8.88046732946391
85 87 1.8075693935990567
86 97 3.8924044456857674
86 88 4.335755091370647
86 96 6.080009449936834
86 87 9.748935831854174
86 91 1.2791578129178593
86 99 8.566061750960696
87 92 4.17211247379401
87 89 8.011635544932368
87 90 6.013513218719049
87 93 3.696817176792263
88 98 5.457732648646405
88 94 6.901296267708149
88 89 3.092938068173565
88 91 9.527236292879776
89 92 8.503867972783377
89 97 3.0816320008741616
89 94 5.291576529735719
89 95 2.9656430729736485
89 96 9.027499497582207
89 99 0.11909315781995167
89 98 2.188588925162919
90 95 3.566871322998545
90 94 0.45823638629514774
90 99 1.9675338140240795
90 96 3.861749177097975
91 94 9.883875233842733
91 92 8.069786498158138
91 96 9.82169377117947
91 99 9.06980676374306
92 99 6.145383317723134
92 93 5.0496574249098565
92 94 4.88108054105574
92 97 3.3688767303129263
92 96 5.541107928324256
93 97 0.22400184249643074
93 99 9.150888523591345
93 98 6.0876914140970415
94 96 5.798091064451723
94 98 1.1344853027846358
94 95 6.759801277940376
95 96 9.157670835596809
95 99 1.8929125427995253
95 97 3.880656586551586
95 98 3.231088223675045
96 99 2.572033791842455
96 98 0.40285004816906
97 98 9.175895132235695
